103936
38144
235008
59392
67328
145664
188672
47360
95488
49152
108800
41984
186112
327424
50176
92416
39680
60160
84224
131584
141312
99840
55040
91392
63232
109824
181504
251392
67584
49920
84480
255744
43520
233728
245504
151552
61184
49920
47360
37888
77312
75776
109568
291840
246784
171008
99840
195840
61952
563968
49920
68352
249856
169472
87808
88064
58112
104960
52224
58368
126208
67328
39168
62208
127488
45312
51968
55552
38912
103424
47360
160000
55040
218368
81408
59392
69888
187648
412416
83968
65280
57088
87040
231936
39936
55808
509696
87552
73984
71936
57088
73216
71424
189952
37632
53248
83456
299520
59904
101632
40192
140032
100352
49920
35328
59904
271872
103424
73472
85504
47616
99584
191488
133120
169984
46848
111872
134400
68096
305920
78592
89856
97536
69632
87296
197888
38144
53248
53504
48384
109312
101888
63488
57088
120576
83712
251648
205056
274176
39424
67072
149760
73472
64000
79616
65792
81664
107776
45824
227840
191488
266240
43008
47360
79872
91392
65280
38912
45824
40192
203264
184064
161280
45056
92928
93184
87808
61440
103936
48128
218368
57600
87040
90368
38400
67840
57600
39168
325120
73472
453376
242176
39936
97024
185856
184064
531712
149504
67584
39680
61696
107776
89088
57344
43008
44288
185600
79360
205312
91904
89344
67584
121600
185088
118016
83968
185856
93952
61696
63488
